C1O <- 361
CH <- 416
C1C <- 349
CCL<- 340
CF <- 485
CN <-307
OH <- 464
C2O <- 732
C2C <- 612
C3C <- 835